0.0
0.0
0.0
0.0
0.0
0.0
0.0
0.0
0.0
0.0
0.0
0.0
0.0
0.0
0.0
0.0
0.0
0.0
0.0
0.0
0.0
0.0
0.0
0.0
0.0
0.0
0.0
0.0
0.0
0.0
0.0
0.1
0.1
0.1
0.1
0.1
0.1
0.1
0.1
0.1
0.1
0.1
0.1
0.1
0.1
0.1
0.1
0.1
0.1
0.1
0.1
0.1
0.1
0.1
0.1
0.1
0.1
0.1
0.1
0.1
0.1
0.0
0.0
0.0
0.0
0.0
0.0
0.0
0.0
0.0
0.0
0.0
0.0
0.0
0.0
0.0
0.0
0.0
0.0
0.0
0.0
0.0
0.0
0.0
0.0
0.0
0.0
0.0
0.0
0.0
0.0
0.0
0.0
0.0
0.0
0.0
0.0
0.0
0.0
0.0
0.0
0.0
0.0
0.0
0.0
0.0
0.0
0.0
0.0
0.0
0.0
0.0
0.0
0.0
0.0
0.0
0.0
0.0
0.0
0.0
0.0
0.0
0.0
0.0
0.0
0.0
0.0
0.0
0.0
0.0
0.0
0.0
0.0
0.0
0.0
0.0
0.0
0.0
0.0
0.0
0.0
0.0
0.0
0.0
0.0
0.0
0.0
0.0
0.0
0.0
0.0
0.0
0.0
0.0
0.0
0.0
0.0
0.0
0.0
0.0
0.0
0.0
0.0
0.0
0.0
0.0
0.0
0.0
0.0
0.0
0.0
0.0
0.0
0.0
0.0
0.0
0.0
0.0
0.0
0.0
0.0
0.0
0.0
0.0
0.0
0.0
0.0
0.0
0.0
0.0
0.0
0.0
0.0
0.0
0.0
0.0
0.0
0.0
0.0
0.0
0.0
0.0
0.0
0.0
0.0
0.0
0.0
0.0
0.0
0.0
0.0
0.0
0.0
0.0
0.0
0.0
0.0
0.0
0.0
0.0
0.0
0.0
0.0
0.0
0.0
0.0
0.0
0.0
0.0
0.0
0.0
0.0
0.0
0.0
0.0
0.0
0.0
0.0
0.0
0.0
0.0
0.0
0.0
0.0
0.0
0.0
0.0
0.0
0.0
0.0
0.0
0.0
0.0
0.0
0.0
0.0
0.0
0.0
0.0
0.0
0.0
0.0
0.0
0.0
0.0
0.0
0.0
0.0
0.0
0.0
0.0
0.0
0.0
0.0
0.0
0.0
0.0
0.0
0.0
0.0
0.0
0.0
0.0
0.0
0.0
0.0
0.0
0.0
0.0
0.0
0.0
0.0
0.0
0.0
0.0
0.0
0.0
0.0
0.0
0.0
0.0
0.0
0.0
0.0
0.0
0.0
0.0
0.0
0.0
0.0
0.0
0.0
0.0
0.0
0.0
0.0
0.0
0.0
0.0
0.0
0.0
0.0
0.0
0.0
0.0
0.0
0.0
0.0
0.0
0.0
0.0
0.0
0.0
0.0
0.0
0.0
0.0
0.0
0.0
0.0
0.0
0.0
0.0
0.0
0.0
0.0
0.0
0.0
0.0
0.0
0.0
0.0
0.0
0.0
0.0
0.0
0.0
0.0
0.0
0.0
0.0
0.0
0.0
0.0
0.0
0.0
0.0
0.0
0.0
0.0
0.0
0.0
0.0
0.0
0.0
0.0
0.0
0.0
0.0
0.0
0.0
0.0
0.0
0.0
0.0
0.0
0.0
0.0
0.0
0.0
0.0
0.0
0.0
0.0
0.0
0.0
0.0
0.0
0.0
0.0
0.0
0.0
0.0
0.0
0.0
0.0
0.0
0.0
0.0
0.0
0.0
0.0
0.0
0.0
0.0
0.0
0.0
0.0
0.0
0.0
0.0
0.0
0.0
0.0
0.0
0.0
0.0
0.0
0.0
0.0
0.0
0.0
0.0
0.0
0.0
0.0
0.0
0.0
0.0
0.0
0.0
0.0
0.0
0.0
0.0
0.0
0.0
0.0
0.0
0.0
0.0
0.0
0.0
0.0
0.0
0.0
0.0
0.0
0.0
0.0
0.0
0.0
0.0
0.0
0.0
0.0
0.0
0.0
0.0
0.0
0.0
0.0
0.0
0.0
0.0
0.0
0.0
0.0
0.0
0.0
0.0
0.0
0.0
0.0
0.0
0.0
0.0
0.0
0.0
0.0
0.0
0.0
0.0
0.0
0.0
0.0
0.0
0.0
0.0
0.0
0.0
0.0
0.0
0.0
0.0
0.0
0.0
0.0
0.0
0.0
0.0
0.0
0.0
0.0
0.0
0.0
0.0
0.0
0.0
0.0
0.0
0.0
0.0
0.0
0.0
0.0
0.0
0.0
0.0
0.0
0.0
0.0
0.0
0.0
0.0
0.0
0.0
0.0
0.0
0.0
0.0
0.0
0.0
0.0
0.0
0.0
0.0
0.0
0.0
0.0
0.0
0.0
0.0
0.0
0.0
0.0
0.0
0.0
0.0
0.0
0.0
0.0
0.0
0.0
0.0
0.0
0.0
0.0
0.0
0.0
0.0
0.0
0.0
0.0
0.0
0.0
0.0
0.0
0.0
0.0
0.0
0.0
0.0
0.0
0.0
0.0
0.0
0.0
0.0
0.0
0.0
0.0
0.0
0.0
0.0
0.0
0.0
0.0
0.0
0.0
0.0
0.0
0.0
0.0
0.0
0.0
0.0
0.0
0.0
0.0
0.0
0.0
0.0
0.0
0.0
0.0
0.0
0.0
0.0
0.0
0.0
0.0
0.0
0.0
0.0
0.0
0.0
0.0
0.0
0.0
0.0
0.0
0.0
0.0
0.0
0.0
0.0
0.0
0.0
0.0
0.0
0.0
0.0
0.0
0.0
0.0
0.0
0.0
0.0
0.0
0.0
0.0
0.0
0.0
0.0
0.0
0.0
0.0
0.0
0.0
0.0
0.0
0.0
0.0
0.0
0.0
0.0
0.0
0.0
0.0
0.0
0.0
0.0
0.0
0.0
0.0
0.0
0.0
0.0
0.0
0.0
0.0
0.0
0.0
0.0
0.0
0.0
0.0
0.0
0.0
0.0
0.0
0.0
0.0
0.0
0.0
0.0
0.0
0.0
0.0
0.0
0.0
0.0
0.0
0.0
0.0
0.0
0.0
0.0
0.0
0.0
0.0
0.0
0.0
0.0
0.0
0.0
0.0
0.0
0.0
0.0
0.0
0.0
0.0
0.0
0.0
0.0
0.0
0.0
0.0
0.0
0.0
0.0
0.0
0.0
0.0
0.0
0.0
0.0
0.0
0.0
0.0
0.0
0.0
0.0
0.0
0.0
0.0
0.0
0.0
0.0
0.0
0.0
0.0
0.0
0.0
0.0
0.0
0.0
0.0
0.0
0.0
0.0
0.0
0.0
0.0
0.0
0.0
0.0
0.0
0.0
0.0
0.0
0.0
0.0
0.0
0.0
0.0
0.0
0.0
0.0
0.0
0.0
0.0
0.0
0.0
0.0
0.0
0.0
0.0
0.0
0.0
0.0
0.0
0.0
0.0
0.0
0.0
0.0
0.0
0.0
0.0
0.0
0.0
0.0
0.0
0.0
0.0
0.0
0.0
0.0
0.0
0.0
0.0
0.0
0.0
0.0
0.0
0.0
0.0
0.0
0.0
0.0
0.0
0.0
0.0
0.0
0.0
0.0
0.0
0.0
0.0
0.0
0.0
0.0
0.0
0.0
0.0
0.0
0.0
0.0
0.0
0.0
0.0
0.0
0.0
0.0
0.0
0.0
0.0
0.0
0.0
0.0
0.0
0.0
0.0
0.0
0.0
0.0
0.0
0.0
0.0
0.0
0.0
0.0
0.0
0.0
0.0
0.0
0.0
0.0
0.0
0.0
0.0
0.0
0.0
0.0
0.0
0.0
0.0
0.0
0.0
0.0
0.0
0.0
0.0
0.0
0.0
0.0
0.0
0.0
0.0
0.0
0.0
0.0
0.0
0.0
0.0
0.0
0.0
0.0
0.0
0.0
0.0
0.0
0.0
0.0
0.0
0.0
0.0
0.0
0.0
0.0
0.0
0.0
0.0
0.0
0.0
0.0
0.0
0.0
0.0
0.0
0.0
0.0
0.0
0.0
0.0
0.0
0.0
0.0
0.0
0.0
0.0
0.0
0.0
0.0
0.0
0.0
0.0
0.0
0.0
0.0
0.0
0.0
0.0
0.0
0.0
0.0
0.0
0.0
0.0
0.0
0.0
0.0
0.0
0.0
0.0
0.0
0.0
0.0
0.0
0.0
0.0
0.0
0.0
0.0
0.0
0.0
0.0
0.0
0.0
0.0
0.0
0.0
0.0
0.0
0.0
0.0
0.0
0.0
0.0
0.0
0.0
0.0
0.0
0.0
0.0
0.0
0.0
0.0
0.0
0.0
0.0
0.0
0.0
0.0
0.0
0.0
0.0
0.0
0.000000e+00
1.664712e-10
-2.219616e-10
4.624199e-10
-8.385215e-10
1.580449e-09
-2.945786e-09
5.508164e-09
-1.029000e-08
1.922817e-08
-3.592756e-08
6.713159e-08
-1.254363e-07
2.343801e-07
-4.379431e-07
8.183042e-07
-1.529015e-06
2.856991e-06
-5.338337e-06
9.974774e-06
-1.863804e-05
3.482549e-05
-6.507202e-05
1.215882e-04
-2.271896e-04
4.245076e-04
-7.931998e-04
1.482107e-03
-2.769343e-03
5.174564e-03
-9.668762e-03
1.806625e-02
3.290957e-02
4.085348e-02
4.510493e-02
4.738024e-02
4.859795e-02
4.924964e-02
4.959843e-02
4.978506e-02
4.988502e-02
4.993838e-02
4.996718e-02
4.998213e-02
4.999100e-02
4.999413e-02
4.999883e-02
4.999570e-02
5.000456e-02
4.998961e-02
5.001842e-02
4.996506e-02
5.006501e-02
4.987838e-02
5.022717e-02
4.957548e-02
5.079319e-02
4.851789e-02
5.276934e-02
4.482543e-02
5.966876e-02
3.193375e-02
1.709043e-02
9.146518e-03
4.895068e-03
2.619761e-03
1.402053e-03
7.503562e-04
4.015785e-04
2.149183e-04
1.150208e-04
6.155725e-05
3.294444e-05
1.763133e-05
9.436001e-06
5.049994e-06
2.702675e-06
1.446428e-06
7.741047e-07
4.142882e-07
2.217203e-07
1.186611e-07
6.350551e-08
3.398712e-08
1.818935e-08
9.734646e-09
5.209824e-09
2.788213e-09
1.492207e-09
7.986047e-10
4.274003e-10
2.287377e-10
1.224167e-10
6.551542e-11
3.506279e-11
1.876504e-11
1.004274e-11
5.374713e-12
2.876459e-12
1.539434e-12
8.238801e-13
4.409273e-13
2.359771e-13
1.262911e-13
6.758896e-14
3.617251e-14
1.935894e-14
1.036059e-14
5.544820e-15
2.967497e-15
1.588156e-15
8.499555e-16
4.548824e-16
2.434457e-16
1.302882e-16
6.972811e-17
3.731735e-17
1.997164e-17
1.068850e-17
5.720311e-18
3.061417e-18
1.638421e-18
8.768562e-19
4.692792e-19
2.511506e-19
1.344117e-19
7.193497e-20
3.849843e-20
2.060373e-20
1.102678e-20
5.901356e-21
3.158310e-21
1.690276e-21
9.046083e-22
4.841317e-22
2.590994e-22
1.386658e-22
7.421168e-23
3.971689e-23
2.125583e-23
1.137578e-23
6.088131e-24
3.258269e-24
1.743772e-24
9.332387e-25
4.994542e-25
2.672998e-25
1.430545e-25
7.656044e-26
4.097391e-26
2.192857e-26
1.173581e-26
6.280817e-27
3.361391e-27
1.798962e-27
9.627753e-28
5.152617e-28
2.757597e-28
1.475821e-28
7.898354e-29
4.227071e-29
2.262260e-29
1.210725e-29
6.479602e-30
3.467778e-30
1.855898e-30
9.932466e-31
5.315695e-31
2.844873e-31
1.522530e-31
8.148334e-32
4.360856e-32
2.333859e-32
1.249044e-32
6.684678e-33
3.577531e-33
1.914637e-33
1.024682e-33
5.483934e-34
2.934912e-34
1.570717e-34
8.406224e-35
4.498875e-35
2.407725e-35
1.288575e-35
6.896245e-36
3.690758e-36
1.975234e-36
1.057113e-36
5.657498e-37
3.027801e-37
1.620430e-37
8.672277e-38
4.641262e-38
2.483928e-38
1.329358e-38
7.114508e-39
3.807569e-39
2.037749e-39
1.090570e-39
5.836555e-40
3.123629e-40
1.671716e-40
8.946751e-41
4.788156e-41
2.562543e-41
1.371431e-41
7.339678e-42
3.928077e-42
2.102243e-42
1.125086e-42
6.021279e-43
3.222491e-43
1.724625e-43
9.229911e-44
4.939698e-44
2.643646e-44
1.414837e-44
7.571976e-45
4.052398e-45
2.168778e-45
1.160695e-45
6.211849e-46
3.324481e-46
1.779208e-46
9.522033e-47
5.096037e-47
2.727316e-47
1.459615e-47
7.811625e-48
4.180655e-48
2.237419e-48
1.197430e-48
6.408451e-49
3.429699e-49
1.835519e-49
9.823401e-50
5.257325e-50
2.813635e-50
1.505812e-50
8.058859e-51
4.312970e-51
2.308232e-51
1.235328e-51
6.611276e-52
3.538247e-52
1.893612e-52
1.013431e-52
5.423716e-53
2.902685e-53
1.553470e-53
8.313918e-54
4.449474e-54
2.381286e-54
1.274426e-54
6.820519e-55
3.650231e-55
1.953544e-55
1.045505e-55
5.595374e-56
2.994553e-56
1.602636e-56
8.577049e-57
4.590298e-57
2.456653e-57
1.314761e-57
7.036385e-58
3.765759e-58
2.015373e-58
1.078595e-58
5.772465e-59
3.089330e-59
1.653359e-59
8.848509e-60
4.735578e-60
2.534405e-60
1.356372e-60
7.259084e-61
3.884944e-61
2.079159e-61
1.112732e-61
5.955161e-62
3.187105e-62
1.705687e-62
9.128560e-63
4.885457e-63
2.614617e-63
1.399301e-63
7.488830e-64
4.007900e-64
2.144963e-64
1.147949e-64
6.143639e-65
3.287976e-65
1.759671e-65
9.417474e-66
5.040079e-66
2.697369e-66
1.443588e-66
7.725848e-67
4.134748e-67
2.212850e-67
1.184281e-67
6.338082e-68
3.392038e-68
1.815364e-68
9.715533e-69
5.199595e-69
2.782739e-69
1.489277e-69
7.970367e-70
4.265611e-70
2.282886e-70
1.221763e-70
6.538679e-71
3.499395e-71
1.872819e-71
1.002302e-71
5.364160e-72
2.870811e-72
1.536412e-72
8.222625e-73
4.400616e-73
2.355138e-73
1.260432e-73
6.745625e-74
3.610149e-74
1.932093e-74
1.034025e-74
5.533933e-75
2.961671e-75
1.585038e-75
8.482867e-76
4.539893e-76
2.429677e-76
1.300324e-76
6.959121e-77
3.724408e-77
1.993243e-77
1.066751e-77
5.709079e-78
3.055407e-78
1.635204e-78
8.751346e-79
4.683578e-79
2.506575e-79
1.341478e-79
7.179374e-80
3.842284e-80
2.056328e-80
1.100513e-80
5.889769e-81
3.152109e-81
1.686957e-81
9.028322e-82
4.831811e-82
2.585907e-82
1.383935e-82
7.406597e-83
3.963891e-83
2.121410e-83
1.135344e-83
6.076177e-84
3.251871e-84
1.740349e-84
9.314064e-85
4.984736e-85
2.667750e-85
1.427736e-85
7.641012e-86
4.089346e-86
2.188551e-86
1.171277e-86
6.268485e-87
3.354792e-87
1.795430e-87
9.608849e-88
5.142500e-88
2.752183e-88
1.472923e-88
7.882847e-89
4.218772e-89
2.257818e-89
1.208348e-89
6.466880e-90
3.460969e-90
1.852254e-90
9.912965e-91
5.305258e-91
2.839288e-91
1.519541e-91
8.132335e-92
4.352294e-92
2.329277e-92
1.246591e-92
6.671553e-93
3.570507e-93
1.910877e-93
1.022671e-93
5.473167e-94
2.929150e-94
1.567633e-94
8.389719e-95
4.490042e-95
2.402997e-95
1.286045e-95
6.882705e-96
3.683512e-96
1.971356e-96
1.055038e-96
5.646390e-97
3.021856e-97
1.617248e-97
8.655250e-98
4.632149e-98
2.479051e-98
1.326748e-98
7.100539e-99
3.800093e-99
2.033748e-99
1.088429e-99
5.825095e-100
3.117496e-100
1.668433e-100
8.929184e-101
4.778755e-101
2.557512e-101
1.368739e-101
7.325268e-102
3.920364e-102
2.098115e-102
1.122877e-102
6.009457e-103
3.216164e-103
1.721238e-103
9.211789e-104
4.930000e-104
2.638456e-104
1.412059e-104
7.557109e-105
4.044442e-105
2.164520e-105
1.158416e-105
6.199653e-106
3.317954e-106
1.775715e-106
9.503337e-107
5.086032e-107
2.721962e-107
1.456750e-107
7.796288e-108
4.172446e-108
2.233026e-108
1.195079e-108
6.395869e-109
3.422965e-109
1.831915e-109
9.804113e-110
5.247002e-110
2.808110e-110
1.502855e-110
8.043036e-111
4.304502e-111
2.303700e-111
1.232903e-111
6.598295e-112
3.531300e-112
1.889895e-112
1.011441e-112
5.413067e-113
2.896986e-113
1.550420e-113
8.297594e-114
4.440738e-114
2.376611e-114
1.271923e-114
6.807128e-115
3.643064e-115
1.949709e-115
1.043452e-115
5.584388e-116
2.988674e-116
1.599490e-116
8.560209e-117
4.581285e-117
2.451829e-117
1.312179e-117
7.022570e-118
3.758365e-118
2.011416e-118
1.076477e-118
5.761131e-119
3.083264e-119
1.650113e-119
8.831136e-120
4.726280e-120
2.529429e-120
1.353709e-120
7.244831e-121
3.877316e-121
2.075076e-121
1.110547e-121
5.943468e-122
3.180848e-122
1.702338e-122
9.110637e-123
4.875865e-123
2.609484e-123
1.396553e-123
7.474126e-124
4.000031e-124
2.140752e-124
1.145696e-124
6.131576e-125
3.281520e-125
1.756216e-125
9.398984e-126
5.030184e-126
2.692073e-126
1.440754e-126
7.710679e-127
4.126630e-127
2.208505e-127
1.181956e-127
6.325638e-128
3.385379e-128
1.811800e-128
9.696457e-129
5.189386e-129
2.777275e-129
1.486353e-129
7.954718e-130
4.257236e-130
2.278404e-130
1.219365e-130
6.525841e-131
3.492524e-131
1.869142e-131
1.000335e-131
5.353628e-132
2.865175e-132
1.533395e-132
8.206481e-133
4.391975e-133
2.350514e-133
1.257957e-133
6.732381e-134
3.603061e-134
1.928300e-134
1.031995e-134
5.523068e-135
2.955856e-135
1.581926e-135
8.466212e-136
4.530979e-136
2.424906e-136
1.297771e-136
6.945457e-137
3.717096e-137
1.989329e-137
1.064657e-137
5.697870e-138
3.049408e-138
1.631993e-138
8.734164e-139
4.674382e-139
2.501654e-139
1.338844e-139
7.165278e-140
3.834740e-140
2.052291e-140
1.098353e-140
5.878205e-141
3.145920e-141
1.683645e-141
9.010596e-142
4.822324e-142
2.580830e-142
1.381218e-142
7.392055e-143
3.956108e-143
2.117245e-143
1.133115e-143
6.064247e-144
3.245487e-144
1.736932e-144
9.295777e-145
4.974949e-145
2.662512e-145
1.424933e-145
7.626010e-146
4.081317e-146
2.184254e-146
1.168977e-146
6.256178e-147
3.348205e-147
1.791905e-147
9.589983e-148
5.132403e-148
2.746779e-148
1.470031e-148
7.867370e-149
4.210488e-149
2.253385e-149
1.205975e-149
6.454183e-150
3.454174e-150
1.848618e-150
9.893502e-151
5.294841e-151
2.833713e-151
1.516557e-151
8.116368e-152
4.343748e-152
2.324704e-152
1.244144e-152
6.658454e-153
3.563497e-153
1.907126e-153
1.020663e-153
5.462421e-154
2.923399e-154
1.564556e-154
8.373247e-155
4.481226e-155
2.398279e-155
1.283520e-155
6.869191e-156
3.676280e-156
1.967485e-156
1.052966e-156
5.635303e-157
3.015923e-157
1.614073e-157
8.638256e-158
4.623054e-158
2.474184e-158
1.324143e-158
7.086598e-159
3.792632e-159
2.029755e-159
1.086292e-159
5.813658e-160
3.111375e-160
1.665158e-160
8.911653e-161
4.769372e-161
2.552490e-161
1.366051e-161
7.310885e-162
3.912667e-162
2.093996e-162
1.120673e-162
5.997658e-163
3.209849e-163
1.717859e-163
9.193702e-164
4.920320e-164
2.633275e-164
1.409286e-164
7.542271e-165
4.036501e-165
2.160270e-165
1.156141e-165
6.187480e-166
3.311439e-166
1.772228e-166
9.484679e-167
5.076046e-167
2.716617e-167
1.453889e-167
7.780980e-168
4.164254e-168
2.228641e-168
1.192733e-168
6.383311e-169
3.416244e-169
1.828319e-169
9.784864e-170
5.236700e-170
2.802597e-170
1.499904e-170
8.027245e-171
4.296051e-171
2.299177e-171
1.230482e-171
6.585340e-172
3.524367e-172
1.886184e-172
1.009455e-172
5.402439e-173
2.891298e-173
1.547376e-173
8.281303e-174
4.432019e-174
2.371944e-174
1.269426e-174
6.793763e-175
3.635911e-175
1.945881e-175
1.041404e-175
5.573424e-176
2.982806e-176
1.596349e-176
8.543402e-177
4.572290e-177
2.447015e-177
1.309603e-177
7.008782e-178
3.750986e-178
2.007467e-178
1.074364e-178
5.749820e-179
3.077210e-179
1.646873e-179
8.813797e-180
4.717001e-180
2.524462e-180
1.351051e-180
7.230606e-181
3.869703e-181
2.071002e-181
1.108367e-181
5.931799e-182
3.174602e-182
1.698996e-182
9.092749e-183
4.866292e-183
2.604360e-183
1.393811e-183
7.459452e-184
3.992177e-184
2.136548e-184
1.143446e-184
6.119538e-185
3.275077e-185
1.752768e-185
9.380530e-186
5.020307e-186
2.686787e-186
1.437925e-186
7.695540e-187
4.118528e-187
2.204169e-187
1.179636e-187
6.313218e-188
3.378732e-188
1.808242e-188
9.677419e-189
5.179198e-189
2.771822e-189
1.483434e-189
7.939100e-190
4.248877e-190
2.273930e-190
1.216970e-190
6.513028e-191
3.485667e-191
1.865472e-191
9.983705e-192
5.343117e-192
2.859549e-192
1.530384e-192
8.190368e-193
4.383352e-193
2.345899e-193
1.255487e-193
6.719162e-194
3.595987e-194
1.924514e-194
1.029968e-194
5.512224e-195
2.950053e-195
1.578820e-195
8.449590e-196
4.522083e-196
2.420145e-196
1.295223e-196
6.931821e-197
3.709798e-197
1.985424e-197
1.062566e-197
5.686683e-198
3.043420e-198
1.628789e-198
8.717015e-199
4.665205e-199
2.496742e-199
1.336216e-199
7.151209e-200
3.827211e-200
2.048261e-200
1.096196e-200
5.866664e-201
3.139743e-201
1.680340e-201
8.992904e-202
4.812856e-202
2.575762e-202
1.378506e-202
7.377542e-203
3.948340e-203
2.113088e-203
1.130890e-203
6.052341e-204
3.239114e-204
1.733521e-204
9.277525e-205
4.965181e-205
2.657284e-205
1.422135e-205
7.611037e-206
4.073303e-206
2.179966e-206
1.166682e-206
6.243894e-207
3.341631e-207
1.788387e-207
9.571154e-208
5.122326e-208
2.741386e-208
1.467145e-208
7.851923e-209
4.202222e-209
2.248961e-209
1.203607e-209
6.441511e-210
3.447392e-210
1.844988e-210
9.874077e-211
5.284445e-211
2.828149e-211
1.513580e-211
8.100432e-212
4.335220e-212
2.320139e-212
1.241701e-212
6.645381e-213
3.556500e-213
1.903381e-213
1.018659e-213
5.451696e-214
2.917659e-214
1.561484e-214
8.356807e-215
4.472427e-215
2.393571e-215
1.281000e-215
6.855704e-216
3.669062e-216
1.963622e-216
1.050899e-216
5.624239e-217
3.010001e-217
1.610904e-217
8.621296e-218
4.613978e-218
2.469326e-218
1.321543e-218
7.072684e-219
3.785186e-219
2.025770e-219
1.084159e-219
5.802244e-220
3.105267e-220
1.661888e-220
8.894156e-221
4.760008e-221
2.547479e-221
1.363369e-221
7.296531e-222
3.904985e-222
2.089884e-222
1.118472e-222
5.985882e-223
3.203547e-223
1.714486e-223
9.175651e-224
4.910660e-224
2.628105e-224
1.406519e-224
7.527463e-225
4.028576e-225
2.156028e-225
1.153871e-225
6.175332e-226
3.304937e-226
1.768749e-226
9.466056e-227
5.066080e-227
2.711284e-227
1.451035e-227
7.765703e-228
4.156078e-228
2.224266e-228
1.190391e-228
6.370778e-229
3.409537e-229
1.824729e-229
9.765652e-230
5.226419e-230
2.797094e-230
1.496959e-230
8.011484e-231
4.287616e-231
2.294662e-231
1.228066e-231
6.572410e-232
3.517447e-232
1.882481e-232
1.007473e-232
5.391832e-233
2.885621e-233
1.544337e-233
8.265043e-234
4.423317e-234
2.367287e-234
1.266934e-234
6.780424e-235
3.628773e-235
1.942060e-235
1.039359e-235
5.562481e-236
2.976949e-236
1.593215e-236
8.526628e-237
4.563313e-237
2.442211e-237
1.307032e-237
6.995021e-238
3.743622e-238
2.003525e-238
1.072254e-238
5.738531e-239
3.071168e-239
1.643639e-239
8.796492e-240
4.707739e-240
2.519506e-240
1.348399e-240
7.216410e-241
3.862105e-241
2.066936e-241
1.106191e-241
5.920152e-242
3.168369e-242
1.695660e-242
9.074896e-243
4.856737e-243
2.599247e-243
1.391075e-243
7.444806e-244
3.984339e-244
2.132354e-244
1.141201e-244
6.107522e-245
3.268647e-245
1.749327e-245
9.362112e-246
5.010450e-246
2.681512e-246
1.435102e-246
7.680430e-247
4.110442e-247
2.199842e-247
1.177319e-247
6.300823e-248
3.372098e-248
1.804692e-248
9.658419e-249
5.169029e-249
2.766380e-249
1.480522e-249
7.923512e-250
4.240535e-250
2.269465e-250
1.214581e-250
6.500240e-251
3.478823e-251
1.861810e-251
9.964103e-252
5.332626e-252
2.853935e-252
1.527380e-252
8.174287e-253
4.374746e-253
2.341293e-253
1.253022e-253
6.705968e-254
3.588930e-254
1.920728e-254
1.027960e-254
5.501152e-255
2.944726e-255
1.574850e-255
8.449255e-256
4.482830e-256
2.472149e-256
1.186631e-256
8.899736e-257
0.000000e+00
